92 49.0 0.012330400446936987
101 11.0 0.009638450046024157
83 536.0 0.06323361547138948
104 6.0 0.008796630703371722
23 12.0 0.004819610733759723
95 10.0 0.004777034398386917
77 22.0 0.0047340564002622204
86 18.0 0.00469067295012184
50 8.0 0.0047218229138377135
59 25.0 0.004715349990331963
41 8.0 0.004708867979913552
32 64.0 0.004627434178942519
68 52.0 0.00458304486076646
53 83.0 0.004613179467144216
62 17.0 0.008880570455360389
35 308.0 0.026385514311144834
44 35.0 0.015347281059165552
8 19.0 0.012582227300947954
17 50.0 0.009201877545251954
26 63.0 0.004566686882070253
80 13.0 0.008568629785019984
89 20.0 0.008567557141314837
98 24.0 0.009767344257481771
71 3.0 0.004523677988341891
11 231.0 0.004553252530986113
74 13.0 0.004471600271695323
56 90.0 0.18791086171206234
38 4.0 0.012556027532528718
29 22.0 0.0046809599777438895
47 12.0 0.005014072122131805
20 48.0 0.009047116748211737
2 23.0 0.004628318683387733
65 4.0 0.007306855478341903
5 40.0 0.01635407168204302
14 10.0 0.004665893262001482
106 385.0 0.010948282632495587
46 59.0 0.004661609817339442
100 101.0 0.01259897759826261
82 61.0 0.008631600278623166
91 26.0 0.004583710727356991
55 189.0 0.007049873435749636
64 15.0 0.006683824863919459
73 16.0 0.00460692829169209
58 93.0 0.03755873164810304
67 17.0 0.004564976042714698
85 99.0 0.004594940188879791
94 50.0 0.004513346452157041
40 11.0 0.004542823527670311
49 23.0 0.004536099318669392
4 4.0 0.010487309595226252
13 46.0 0.004530986534999953
22 50.0 0.0045242457088215775
103 111.0 0.0045174954196395565
31 15.0 0.004435792963285956
76 26.0 0.004389595712666159
16 26.0 0.004417905330667247
97 31.0 0.004336063066321245
7 14.0 0.015073753707097811
79 413.0 0.03544666442991467
88 38.0 0.01170121937430549
70 2.0 0.004336969101608469
43 66.0 0.009305553446752764
52 82.0 0.013265919733264018
25 13.0 0.00429532300080969
34 60.0 0.012758060730395494
61 2.0 0.004629605691214955
10 10.0 0.004246006806809887
37 34.0 0.005241770401961589
1 6.0 0.01144546216576694
28 185.0 0.004270184764358429
19 157.0 0.0042630778156838856
60 6.0 0.004558014702337194
87 8.0 0.014973401765855314
96 31.0 0.004182233911539687
105 11.0 0.004133644599094962
69 13.0 0.004084596897811035
78 189.0 0.03428193178738621
99 4.0 0.004070111057354344
63 6.0 0.004095406675096481
90 12.0 0.004013111676045119
45 6.0 0.004037869564831672
54 4.0 0.004030436484089316
72 31.0 0.006596025355530722
81 378.0 0.003997175228732331
27 55.0 0.007961647636703666
36 6.0 0.03664414403439098
9 50.0 0.004026101002642496
18 25.0 0.003943708709904304
48 14.0 0.035957440841145445
21 36.0 0.006310088991172383
57 10.0 0.0039017306280817394
12 343.0 0.01634793817579589
3 81.0 0.008643574059070189
84 9.0 0.003934318536965457
102 63.0 0.003851797396844997
93 114.0 0.009868900752712366
75 261.0 0.0038757861772031085
30 18.0 0.0037931828673427336
39 7.0 0.004784674546932538
66 224.0 0.003809481269903296
15 28.0 0.0038017275698168707
42 24.0 0.00943988263204552
51 30.0 0.0037941134358287004
33 21.0 0.003711395470964767
24 13.0 0.005472712284691605
6 3.0 0.003621949283073335
0 7.0 0.003568074276974135
